temporal_mean: 0.000000
spatial_mean: 0.442984
combined_mean: 0.116430
enhanced_mean: 0.142279
enhancement_ratio: 1.222011
